0.0 0.6
[2.83155632e+10]
0.1 0.6
[10385.30420626]
0.2 0.6
[740.09902884]
0.3 0.6
[4186554.33443244]
0.4 0.6
[3.23497196e+09]
0.5 0.6
[9.9001905e+10]
0.6 0.6
[3.13734269e+11]
0.7 0.6
[8.58555179e+11]
0.8 0.6
[1.39801698e+12]
0.9 0.6
[1.76393792e+12]
1.0 0.6
[2.00224606e+12]

0.0 0.4
[1.15908798e+10]
0.1 0.4
[3423.00401517]
0.2 0.4
[3496.43895822]
0.3 0.4
[949937.7959422]
0.4 0.4
[99866758.93402538]
0.5 0.4
[5.47729785e+09]
0.6 0.4
[4.25359223e+10]
0.7 0.4
[2.32848906e+11]
0.8 0.4
[6.7215884e+11]
0.9 0.4
[9.38932184e+11]
1.0 0.4
[1.27621922e+12]